20	0.000335	0.000332	0.000324	0.000310	0.000315	0.0003232
40	0.000574	0.001798	0.001054	0.001152	0.001722	0.00126
60	0.001187	0.001249	0.001258	0.001649	0.003401	0.0017488
80	0.001892	0.002048	0.001954	0.002548	0.001971	0.0020826
100	0.005781	0.006017	0.004090	0.003726	0.004005	0.0047238
120	0.010597	0.007288	0.005098	0.008187	0.007570	0.007748
140	0.007144	0.007441	0.007224	0.007126	0.007966	0.0073802
160	0.012981	0.012587	0.017015	0.012349	0.012896	0.0135656
180	0.015537	0.014374	0.014540	0.018051	0.013137	0.0151278
200	0.033831	0.029125	0.025969	0.027015	0.026618	0.0285116
